       0
       0
       0
       0
       0
       0
       0
       0
       0
       0
       0
       0
       0
       0
       0
       0
       0
       0
       0
       0
       0
       0
       0
       0
       0
       0
       0
       0
       0
       0
       0
       0
       0
       0
       0
       0
       0
       0
       0
       0
       0
       0
       0
       0
       0
       0
       0
       0
       0
       0
       0
       0
       0
       0
       0
       0
       0
       0
       0
       0
       0
       0
       0
       0
       0
       0
       0
       0
       0
       0
       0
       0
       0
       0
       0
       0
       0
       0
       0
       0
       0
       0
       0
       0
       0
       0
       0
       0
       0
       0
       0
       0
       0
       0
       0
       0
       0
       0
       0
       0
       0
       0
       0
       0
       0
       0
       0
       0
       0
       0
       0
       0
       0
       0
       1
       0
       1
       1
       0
       1
       0
       1
       3
      67
     135
     134
     126
     130
     111
     143
     136
     107
     113
     109
     124
     116
     128
     104
     134
     104
     111
     131
     125
     111
     112
     110
     118
     120
     108
      99
     113
     101
     108
     111
     100
     110
     129
     118
     116
     115
     128
     123
     127
     130
     114
     119
     150
     131
     119
     127
     123
     129
     128
     120
     111
     136
     122
     135
     132
     153
     148
     153
     145
     146
     141
     157
     138
     150
     184
     183
     159
     146
     167
     170
     181
     183
     182
     197
     178
     181
     173
     188
     169
     189
     193
     187
     198
     202
     209
     193
     179
     218
     192
     192
     213
     210
     210
     211
     218
     224
     198
     192
     214
     218
     210
     196
     197
     191
     206
     201
     211
     201
     208
     189
     222
     200
     200
     213
     213
     193
     198
     193
     165
     188
     189
     207
     193
     185
     174
     189
     190
     206
     170
     181
     167
     157
     176
     177
     162
     168
     132
     162
     169
     156
     156
     172
     140
     145
     124
     175
     150
     149
     141
     122
     153
     145
     138
     145
     134
     136
     132
     127
     144
     139
     128
     133
     133
     121
     119
     125
     128
     120
     126
     117
     128
     122
     118
     133
     120
     111
     123
     124
     108
     120
     114
     124
     108
     110
     107
     105
     129
     119
     115
     107
     124
      92
     111
     113
     115
     109
      82
     123
     106
     116
     116
     117
     117
     124
     117
     103
     139
     105
     113
     118
      91
     128
     125
     110
     113
     124
     127
     122
     129
     139
     144
     126
     130
     138
     131
     129
     134
     121
     157
     135
     132
     139
     162
     161
     190
     178
     139
     191
     160
     164
     164
     183
     189
     212
     188
     189
     219
     217
     198
     205
     229
     232
     222
     225
     254
     258
     287
     254
     261
     273
     291
     313
     305
     310
     292
     290
     341
     354
     344
     341
     389
     339
     399
     361
     366
     402
     371
     436
     411
     418
     436
     478
     471
     451
     486
     464
     488
     469
     527
     500
     515
     484
     500
     551
     516
     575
     599
     537
     565
     582
     567
     570
     567
     601
     591
     587
     586
     633
     592
     613
     663
     605
     609
     615
     635
     567
     616
     649
     589
     582
     600
     621
     566
     621
     608
     618
     616
     635
     563
     583
     594
     646
     571
     558
     571
     607
     508
     538
     561
     601
     550
     544
     538
     503
     566
     486
     509
     482
     498
     498
     498
     487
     492
     448
     466
     456
     456
     465
     456
     439
     458
     407
     409
     406
     345
     393
     380
     329
     359
     393
     399
     359
     366
     362
     364
     333
     332
     304
     312
     323
     330
     314
     318
     292
     273
     309
     274
     315
     271
     264
     259
     284
     280
     268
     252
     234
     270
     247
     245
     229
     234
     239
     235
     226
     238
     201
     207
     199
     214
     202
     198
     195
     201
     203
     190
     176
     185
     184
     170
     147
     188
     173
     169
     160
     173
     168
     182
     156
     148
     143
     149
     146
     139
     136
     124
     122
     134
     116
     120
     117
     116
     116
     115
     119
     106
     102
     122
     107
     108
     101
     100
      93
     100
      94
      86
      88
      97
      81
      89
      73
      78
      79
      72
      88
      76
      57
      54
      67
      72
      61
      60
      70
      49
      66
      48
      41
      41
      54
      38
      56
      42
      44
      48
      49
      44
      37
      29
      33
      45
      38
      37
      34
      34
      36
      38
      27
      26
      27
      21
      24
      19
      35
      23
      21
      16
      27
      22
      13
      22
      27
      18
      18
      20
      17
      22
      13
      15
      13
      13
      10
       8
       9
      10
      13
       8
      15
      10
       8
       6
      13
      10
      13
      13
       4
       7
       5
       7
       6
       5
       3
       9
       6
      10
       8
       6
       6
       4
       3
       5
       4
       5
       5
       2
       1
       4
       3
       1
       3
       1
       1
       3
       3
       3
       3
       1
       5
       2
       2
       4
       2
       4
       1
       3
       0
       3
       1
       0
       1
       1
       0
       1
       2
       1
       0
       0
       1
       1
       2
       3
       2
       1
       0
       1
       0
       2
       0
       1
       0
       1
       2
       1
       0
       1
       0
       0
       1
       1
       0
       1
       0
       0
       0
       0
       0
       0
       1
       1
       1
       0
       0
       0
       0
       0
       0
       0
       0
       0
       0
       0
       0
       0
       0
       0
       0
       0
       1
       0
       0
       0
       1
       0
       0
       0
       1
       0
       0
       0
       0
       0
       0
       1
       0
       0
       1
       1
       1
       1
       0
       0
       0
       0
       1
       0
       0
       1
       0
       0
       0
       0
       0
       0
       1
       0
       1
       1
       0
       0
       0
       0
       0
       1
       0
       0
       0
       0
       0
       0
       0
       0
       0
       0
       0
       0
       0
       0
       1
       0
       0
       0
       0
       0
       0
       2
       0
       2
       0
       0
       0
       0
       0
       0
       0
       0
       0
       0
       1
       0
       0
       0
       1
       0
       0
       0
       0
       0
       0
       0
       0
       0
       0
       0
       0
       1
       1
       0
       0
       0
       0
       0
       0
       0
       0
       0
       0
       0
       0
       0
       0
       0
       0
       1
       0
       1
       0
       0
       0
       0
       0
       0
       0
       0
       1
       0
       0
       0
       0
       0
       0
       0
       0
       1
       0
       0
       0
       1
       0
       0
       0
       0
       0
       0
       0
       0
       0
       0
       0
       0
       0
       0
       0
       0
       0
       0
       0
       1
       0
       1
       1
       0
       1
       0
       0
       0
       0
       0
       0
       0
       0
       0
       0
       0
       0
       0
       0
       0
       0
       0
       0
       0
       0
       0
       0
       0
       0
       0
       0
       0
       0
       0
       0
       0
       0
       0
       0
       0
       0
       0
       0
       0
       0
       0
       0
       0
       0
       0
       0
       0
       0
       0
       0
       0
       0
       0
       0
       0
       0
       0
       0
       0
       0
       0
       0
       0
       0
       0
       0
       0
       0
       0
       0
       0
       1
       0
       0
       0
       0
       0
       0
       0
       0
       0
       0
       0
       0
       0
       0
       0
       0
       0
       0
       0
       0
       0
       0
       0
       0
       0
       0
       0
       0
$ROI:
2
322 701
737 754
$PRESETS:
Integral
100000
0
$ENER_FIT:
0.000000 0.000000
$MCA_CAL:
3
0.000000E+000 0.000000E+000 0.000000E+000 
$SHAPE_CAL:
3
0.000000E+000 0.000000E+000 0.000000E+000
